                    0
                    0
                    0
                    0
                    0
                    0
                    0
                    0
                    0
                    0
                    0
                    0
                    0
                    0
                    0
                    0
                    1
                    3
                    3
                    9
                   16
                   25
                   49
                   87
                  162
                  236
                  377
                  507
                  716
                  937
                 1112
                 1359
                 1582
                 1760
                 1840
                 1904
                 1951
                 1768
                 1657
                 1462
                 1304
                 1085
                  839
                  684
                  494
                  365
                  256
                  177
                  102
                   76
                   31
                   26
                   19
                   11
                    3
                    2
                    2
                    1
                    0
                    0
                    0
                    0
                    0
                    0
                    0
                    0
                    0
                    0
                    0
                    0
                    0
                    0
                    0
                    0
                    0
                    0
                    0
                    0
                    0
                    0
                    0
                    0
                    0
                    0
                    0
                    0
                    0
                    0
                    0
                    0
                    0
                    0
                    0
                    0
                    0
                    0
                    0
                    0
                    0
                    0
