                    0
                    0
                    0
                    0
                    0
                    0
                    0
                    0
                    0
                    0
                    0
                    0
                    0
                    0
                    1
                    4
                    7
                   11
                   19
                   45
                   75
                  120
                  185
                  300
                  431
                  621
                  810
                 1106
                 1280
                 1517
                 1663
                 1860
                 1950
                 2005
                 1894
                 1770
                 1647
                 1363
                 1090
                  946
                  717
                  530
                  352
                  264
                  157
                  118
                   60
                   40
                   19
                   12
                    5
                    4
                    2
                    0
                    0
                    0
                    0
                    0
                    0
                    0
                    0
                    0
                    0
                    0
                    0
                    0
                    0
                    0
                    0
                    0
                    0
                    0
                    0
                    0
                    0
                    0
                    0
                    0
                    0
                    0
                    0
                    0
                    0
                    0
                    0
                    0
                    0
                    0
                    0
                    0
                    0
                    0
                    0
                    0
                    0
                    0
                    0
                    0
                    0
                    0
