                    0
                    0
                    1
                    1
                    1
                    5
                   14
                   46
                   68
                  187
                  419
                  602
                  971
                 1488
                 1864
                 2350
                 2611
                 2726
                 2627
                 2395
                 2007
                 1577
                 1170
                  778
                  512
                  289
                  138
                   85
                   47
                   16
                    5
                    0
                    0
                    0
                    0
                    0
                    0
                    0
                    0
                    0
                    0
                    0
                    0
                    0
                    0
                    0
                    0
                    0
                    0
                    0
                    0
                    0
                    0
                    0
                    0
                    0
                    0
                    0
                    0
                    0
                    0
                    0
                    0
                    0
                    0
                    0
                    0
                    0
                    0
                    0
                    0
                    0
                    0
                    0
                    0
                    0
                    0
                    0
                    0
                    0
                    0
                    0
                    0
                    0
                    0
                    0
                    0
                    0
                    0
                    0
                    0
                    0
                    0
                    0
                    0
                    0
                    0
                    0
                    0
                    0
