                   73
                  371
                 1450
                 2573
                 4113
                 4799
                 4540
                 3493
                 2054
                 1000
                  386
                  123
                   22
                    3
                    0
                    0
                    0
                    0
                    0
                    0
                    0
                    0
                    0
                    0
                    0
                    0
                    0
                    0
                    0
                    0
                    0
                    0
                    0
                    0
                    0
                    0
                    0
                    0
                    0
                    0
                    0
                    0
                    0
                    0
                    0
                    0
                    0
                    0
                    0
                    0
                    0
                    0
                    0
                    0
                    0
                    0
                    0
                    0
                    0
                    0
                    0
                    0
                    0
                    0
                    0
                    0
                    0
                    0
                    0
                    0
                    0
                    0
                    0
                    0
                    0
                    0
                    0
                    0
                    0
                    0
                    0
                    0
                    0
                    0
                    0
                    0
                    0
                    0
                    0
                    0
                    0
                    0
                    0
                    0
                    0
                    0
                    0
                    0
                    0
                    0
