                    0
                    0
                    0
                    0
                    0
                    0
                    0
                    0
                    0
                    0
                    0
                    0
                    0
                    0
                    0
                    0
                    0
                    1
                    1
                    2
                    2
                    3
                   17
                   20
                   52
                   74
                  113
                  179
                  266
                  353
                  533
                  678
                  873
                 1111
                 1234
                 1503
                 1629
                 1730
                 1867
                 1829
                 1719
                 1632
                 1508
                 1347
                 1149
                  899
                  718
                  598
                  423
                  312
                  230
                  164
                   96
                   61
                   28
                   22
                   10
                    6
                    5
                    3
                    0
                    0
                    0
                    0
                    0
                    0
                    0
                    0
                    0
                    0
                    0
                    0
                    0
                    0
                    0
                    0
                    0
                    0
                    0
                    0
                    0
                    0
                    0
                    0
                    0
                    0
                    0
                    0
                    0
                    0
                    0
                    0
                    0
                    0
                    0
                    0
                    0
                    0
                    0
                    0
