                    0
                    0
                    0
                    0
                    0
                    0
                    0
                    0
                    0
                    0
                    0
                    0
                    0
                    0
                    0
                    0
                    0
                    0
                    0
                    0
                    4
                    3
                    8
                   18
                   32
                   44
                   97
                  146
                  227
                  311
                  424
                  610
                  804
                  961
                 1148
                 1337
                 1573
                 1714
                 1878
                 1828
                 1755
                 1738
                 1616
                 1399
                 1185
                  986
                  864
                  669
                  477
                  380
                  268
                  158
                  120
                   80
                   59
                   36
                   21
                    6
                    9
                    2
                    3
                    0
                    0
                    2
                    0
                    0
                    0
                    0
                    0
                    0
                    0
                    0
                    0
                    0
                    0
                    0
                    0
                    0
                    0
                    0
                    0
                    0
                    0
                    0
                    0
                    0
                    0
                    0
                    0
                    0
                    0
                    0
                    0
                    0
                    0
                    0
                    0
                    0
                    0
                    0
