                    0
                    0
                    0
                    0
                    0
                    0
                    0
                    0
                    0
                    0
                    0
                    0
                    0
                    0
                    0
                    0
                    0
                    0
                    2
                    1
                    1
                    0
                    3
                    2
                   11
                   13
                   31
                   45
                   63
                  127
                  190
                  283
                  407
                  502
                  728
                  851
                 1063
                 1264
                 1438
                 1555
                 1655
                 1686
                 1750
                 1757
                 1635
                 1468
                 1272
                 1175
                 1007
                  780
                  653
                  426
                  323
                  272
                  181
                  140
                   85
                   77
                   37
                   15
                    6
                    8
                    2
                    6
                    2
                    1
                    1
                    0
                    0
                    0
                    0
                    0
                    0
                    0
                    0
                    0
                    0
                    0
                    0
                    0
                    0
                    0
                    0
                    0
                    0
                    0
                    0
                    0
                    0
                    0
                    0
                    0
                    0
                    0
                    0
                    0
                    0
                    0
                    0
                    0
