                    0
                    0
                    0
                    0
                    0
                    0
                    0
                    0
                    0
                    0
                    0
                    0
                    0
                    2
                    5
                   11
                   21
                   37
                   83
                  123
                  239
                  328
                  508
                  689
                 1001
                 1234
                 1511
                 1768
                 1884
                 2072
                 2099
                 1949
                 1901
                 1698
                 1465
                 1241
                  963
                  714
                  520
                  375
                  219
                  126
                   91
                   47
                   37
                   15
                   16
                    3
                    4
                    1
                    0
                    0
                    0
                    0
                    0
                    0
                    0
                    0
                    0
                    0
                    0
                    0
                    0
                    0
                    0
                    0
                    0
                    0
                    0
                    0
                    0
                    0
                    0
                    0
                    0
                    0
                    0
                    0
                    0
                    0
                    0
                    0
                    0
                    0
                    0
                    0
                    0
                    0
                    0
                    0
                    0
                    0
                    0
                    0
                    0
                    0
                    0
                    0
                    0
                    0
