                    0
                    0
                    0
                    3
                    6
                   16
                   48
                  100
                  263
                  522
                  905
                 1331
                 1812
                 2392
                 2700
                 2890
                 2779
                 2554
                 2088
                 1623
                 1189
                  794
                  454
                  264
                  168
                   67
                   14
                   10
                    8
                    0
                    0
                    0
                    0
                    0
                    0
                    0
                    0
                    0
                    0
                    0
                    0
                    0
                    0
                    0
                    0
                    0
                    0
                    0
                    0
                    0
                    0
                    0
                    0
                    0
                    0
                    0
                    0
                    0
                    0
                    0
                    0
                    0
                    0
                    0
                    0
                    0
                    0
                    0
                    0
                    0
                    0
                    0
                    0
                    0
                    0
                    0
                    0
                    0
                    0
                    0
                    0
                    0
                    0
                    0
                    0
                    0
                    0
                    0
                    0
                    0
                    0
                    0
                    0
                    0
                    0
                    0
                    0
                    0
                    0
                    0
