                    0
                    0
                    0
                    0
                    0
                    0
                    0
                    0
                    0
                    0
                    0
                    0
                    0
                    0
                    0
                    0
                    0
                    0
                    0
                    0
                    0
                    0
                    0
                    1
                    2
                    5
                    4
                   19
                   25
                   35
                   65
                   84
                  140
                  222
                  308
                  426
                  585
                  748
                  920
                 1178
                 1245
                 1444
                 1574
                 1581
                 1710
                 1676
                 1767
                 1595
                 1467
                 1227
                 1105
                  922
                  736
                  602
                  457
                  371
                  252
                  153
                  120
                   92
                   49
                   36
                   24
                   13
                    8
                    3
                    0
                    2
                    1
                    1
                    0
                    0
                    0
                    0
                    0
                    0
                    0
                    0
                    0
                    0
                    0
                    0
                    0
                    0
                    0
                    0
                    0
                    0
                    0
                    0
                    0
                    0
                    0
                    0
                    0
                    0
                    0
                    0
                    0
                    0
