                    0
                    0
                    0
                    0
                    0
                    0
                    0
                    0
                    0
                    0
                    0
                    1
                    0
                    5
                    7
                   15
                   34
                   70
                  123
                  208
                  314
                  417
                  665
                  930
                 1142
                 1492
                 1763
                 1958
                 2111
                 2177
                 2046
                 1944
                 1698
                 1481
                 1199
                  966
                  737
                  500
                  360
                  242
                  176
                   98
                   54
                   31
                   22
                    9
                    3
                    2
                    0
                    0
                    0
                    0
                    0
                    0
                    0
                    0
                    0
                    0
                    0
                    0
                    0
                    0
                    0
                    0
                    0
                    0
                    0
                    0
                    0
                    0
                    0
                    0
                    0
                    0
                    0
                    0
                    0
                    0
                    0
                    0
                    0
                    0
                    0
                    0
                    0
                    0
                    0
                    0
                    0
                    0
                    0
                    0
                    0
                    0
                    0
                    0
                    0
                    0
                    0
                    0
