                    0
                    0
                    1
                    0
                    0
                    2
                    5
                   10
                   38
                   74
                  154
                  233
                  335
                  439
                  492
                  514
                  573
                  527
                  467
                  378
                  284
                  182
                  142
                   69
                   45
                   16
                   14
                    3
                    1
                    0
                    1
                    1
                    0
                    0
                    0
                    0
                    0
                    0
                    0
                    0
                    0
                    0
                    0
                    0
                    0
                    0
                    0
                    0
                    0
                    0
                    0
                    0
                    0
                    0
                    0
                    0
                    0
                    0
                    0
                    0
                    0
                    0
                    0
                    0
                    0
                    0
                    0
                    0
                    0
                    0
                    0
                    0
                    0
                    0
                    0
                    0
                    0
                    0
                    0
                    0
                    0
                    0
                    0
                    0
                    0
                    0
                    0
                    0
                    0
                    0
                    0
                    0
                    0
                    0
                    0
                    0
                    0
                    0
                    0
                    0
