                    0
                    0
                    0
                    0
                    0
                    0
                    0
                    0
                    4
                   17
                   32
                   62
                  108
                  239
                  372
                  632
                  952
                 1238
                 1638
                 1929
                 2293
                 2361
                 2393
                 2441
                 2040
                 1625
                 1413
                 1103
                  799
                  548
                  358
                  180
                  110
                   58
                   29
                   12
                    7
                    4
                    3
                    0
                    0
                    0
                    0
                    0
                    0
                    0
                    0
                    0
                    0
                    0
                    0
                    0
                    0
                    0
                    0
                    0
                    0
                    0
                    0
                    0
                    0
                    0
                    0
                    0
                    0
                    0
                    0
                    0
                    0
                    0
                    0
                    0
                    0
                    0
                    0
                    0
                    0
                    0
                    0
                    0
                    0
                    0
                    0
                    0
                    0
                    0
                    0
                    0
                    0
                    0
                    0
                    0
                    0
                    0
                    0
                    0
                    0
                    0
                    0
                    0
