                    0
                    0
                    0
                    0
                    1
                    2
                    4
                   20
                   33
                  122
                  219
                  422
                  687
                 1093
                 1447
                 1926
                 2335
                 2630
                 2654
                 2570
                 2291
                 1982
                 1528
                 1114
                  791
                  477
                  290
                  180
                  108
                   39
                   19
                   12
                    2
                    1
                    1
                    0
                    0
                    0
                    0
                    0
                    0
                    0
                    0
                    0
                    0
                    0
                    0
                    0
                    0
                    0
                    0
                    0
                    0
                    0
                    0
                    0
                    0
                    0
                    0
                    0
                    0
                    0
                    0
                    0
                    0
                    0
                    0
                    0
                    0
                    0
                    0
                    0
                    0
                    0
                    0
                    0
                    0
                    0
                    0
                    0
                    0
                    0
                    0
                    0
                    0
                    0
                    0
                    0
                    0
                    0
                    0
                    0
                    0
                    0
                    0
                    0
                    0
                    0
                    0
                    0
