                    0
                    0
                    0
                    0
                    1
                   11
                   25
                   64
                  144
                  314
                  580
                  922
                 1375
                 1921
                 2307
                 2677
                 2842
                 2756
                 2428
                 2124
                 1601
                 1168
                  773
                  444
                  247
                  119
                   98
                   35
                   11
                    8
                    3
                    1
                    0
                    1
                    0
                    0
                    0
                    0
                    0
                    0
                    0
                    0
                    0
                    0
                    0
                    0
                    0
                    0
                    0
                    0
                    0
                    0
                    0
                    0
                    0
                    0
                    0
                    0
                    0
                    0
                    0
                    0
                    0
                    0
                    0
                    0
                    0
                    0
                    0
                    0
                    0
                    0
                    0
                    0
                    0
                    0
                    0
                    0
                    0
                    0
                    0
                    0
                    0
                    0
                    0
                    0
                    0
                    0
                    0
                    0
                    0
                    0
                    0
                    0
                    0
                    0
                    0
                    0
                    0
                    0
