                    0
                    0
                    0
                    0
                    0
                    0
                    0
                    0
                    0
                    0
                    1
                    1
                    8
                   16
                   30
                   77
                  143
                  247
                  398
                  548
                  809
                 1146
                 1517
                 1674
                 1925
                 2100
                 2232
                 2230
                 2064
                 1859
                 1529
                 1323
                  930
                  762
                  555
                  335
                  231
                  126
                   98
                   41
                   22
                   12
                    8
                    3
                    0
                    0
                    0
                    0
                    0
                    0
                    0
                    0
                    0
                    0
                    0
                    0
                    0
                    0
                    0
                    0
                    0
                    0
                    0
                    0
                    0
                    0
                    0
                    0
                    0
                    0
                    0
                    0
                    0
                    0
                    0
                    0
                    0
                    0
                    0
                    0
                    0
                    0
                    0
                    0
                    0
                    0
                    0
                    0
                    0
                    0
                    0
                    0
                    0
                    0
                    0
                    0
                    0
                    0
                    0
                    0
