                    0
                    0
                    0
                    0
                    0
                    0
                    0
                    0
                    0
                    0
                    0
                    0
                    0
                    0
                    0
                    0
                    1
                    2
                    2
                    2
                    7
                   18
                   26
                   45
                   47
                   96
                   99
                  154
                  177
                  249
                  297
                  310
                  377
                  395
                  395
                  393
                  345
                  325
                  291
                  234
                  187
                  161
                  117
                   90
                   51
                   29
                   31
                   18
                   13
                    7
                    4
                    2
                    1
                    0
                    0
                    1
                    1
                    0
                    0
                    0
                    0
                    0
                    0
                    0
                    0
                    0
                    0
                    0
                    0
                    0
                    0
                    0
                    0
                    0
                    0
                    0
                    0
                    0
                    0
                    0
                    0
                    0
                    0
                    0
                    0
                    0
                    0
                    0
                    0
                    0
                    0
                    0
                    0
                    0
                    0
                    0
                    0
                    0
                    0
                    0
