                    0
                    0
                    0
                    0
                    0
                    0
                    0
                    0
                    0
                    0
                    0
                    0
                    0
                    0
                    0
                    0
                    2
                    0
                    0
                    1
                    5
                    5
                   17
                   24
                   55
                   94
                  113
                  218
                  309
                  422
                  600
                  724
                  971
                 1163
                 1394
                 1609
                 1785
                 1825
                 1811
                 1816
                 1710
                 1593
                 1497
                 1134
                  988
                  799
                  671
                  508
                  362
                  264
                  184
                  128
                   84
                   48
                   31
                   16
                   15
                    1
                    2
                    2
                    0
                    0
                    0
                    0
                    0
                    0
                    0
                    0
                    0
                    0
                    0
                    0
                    0
                    0
                    0
                    0
                    0
                    0
                    0
                    0
                    0
                    0
                    0
                    0
                    0
                    0
                    0
                    0
                    0
                    0
                    0
                    0
                    0
                    0
                    0
                    0
                    0
                    0
                    0
                    0
