                    0
                    0
                    0
                    0
                    0
                    0
                    0
                    0
                    0
                    1
                    2
                    3
                    4
                   12
                   22
                   52
                   81
                  157
                  278
                  441
                  614
                  896
                 1148
                 1448
                 1656
                 1867
                 2163
                 2187
                 2191
                 2033
                 1781
                 1567
                 1234
                  971
                  701
                  522
                  367
                  254
                  154
                   86
                   55
                   28
                   10
                    7
                    2
                    3
                    2
                    0
                    0
                    0
                    0
                    0
                    0
                    0
                    0
                    0
                    0
                    0
                    0
                    0
                    0
                    0
                    0
                    0
                    0
                    0
                    0
                    0
                    0
                    0
                    0
                    0
                    0
                    0
                    0
                    0
                    0
                    0
                    0
                    0
                    0
                    0
                    0
                    0
                    0
                    0
                    0
                    0
                    0
                    0
                    0
                    0
                    0
                    0
                    0
                    0
                    0
                    0
                    0
                    0
