                    0
                    0
                    0
                    0
                    0
                    0
                    0
                    0
                    0
                    0
                    0
                    0
                    0
                    1
                    6
                    6
                    7
                   25
                   46
                   84
                  149
                  214
                  393
                  568
                  737
                 1027
                 1262
                 1539
                 1768
                 1878
                 2021
                 2054
                 2008
                 1822
                 1671
                 1397
                 1156
                  963
                  698
                  497
                  358
                  240
                  161
                  116
                   63
                   34
                   15
                    9
                    5
                    1
                    0
                    0
                    0
                    0
                    1
                    0
                    0
                    0
                    0
                    0
                    0
                    0
                    0
                    0
                    0
                    0
                    0
                    0
                    0
                    0
                    0
                    0
                    0
                    0
                    0
                    0
                    0
                    0
                    0
                    0
                    0
                    0
                    0
                    0
                    0
                    0
                    0
                    0
                    0
                    0
                    0
                    0
                    0
                    0
                    0
                    0
                    0
                    0
                    0
                    0
