                    0
                    0
                    0
                    0
                    0
                    0
                    0
                    0
                    0
                    0
                    0
                    0
                    0
                    0
                    0
                    0
                    0
                    1
                    0
                    0
                    0
                    3
                    9
                   12
                   22
                   37
                   61
                  127
                  170
                  235
                  349
                  456
                  588
                  839
                  965
                 1227
                 1416
                 1588
                 1644
                 1806
                 1796
                 1781
                 1645
                 1538
                 1453
                 1169
                  989
                  818
                  617
                  476
                  382
                  279
                  168
                  109
                   76
                   66
                   33
                   26
                   15
                    5
                    1
                    2
                    1
                    0
                    0
                    0
                    0
                    0
                    0
                    0
                    0
                    0
                    0
                    0
                    0
                    0
                    0
                    0
                    0
                    0
                    0
                    0
                    0
                    0
                    0
                    0
                    0
                    0
                    0
                    0
                    0
                    0
                    0
                    0
                    0
                    0
                    0
                    0
                    0
                    0
