                    0
                    0
                    0
                    0
                    0
                    1
                    3
                    6
                   32
                   66
                  143
                  249
                  464
                  730
                 1122
                 1517
                 2015
                 2268
                 2561
                 2649
                 2434
                 2261
                 1870
                 1470
                 1154
                  799
                  498
                  318
                  177
                  106
                   51
                   23
                    7
                    5
                    1
                    0
                    0
                    0
                    0
                    0
                    0
                    0
                    0
                    0
                    0
                    0
                    0
                    0
                    0
                    0
                    0
                    0
                    0
                    0
                    0
                    0
                    0
                    0
                    0
                    0
                    0
                    0
                    0
                    0
                    0
                    0
                    0
                    0
                    0
                    0
                    0
                    0
                    0
                    0
                    0
                    0
                    0
                    0
                    0
                    0
                    0
                    0
                    0
                    0
                    0
                    0
                    0
                    0
                    0
                    0
                    0
                    0
                    0
                    0
                    0
                    0
                    0
                    0
                    0
                    0
