                    0
                    0
                    0
                    0
                    0
                    0
                    0
                    0
                    0
                    0
                    0
                    0
                    0
                    0
                    0
                    0
                    0
                    0
                    0
                    0
                    0
                    0
                    1
                    0
                    1
                    4
                    7
                    8
                   18
                   34
                   53
                   84
                  115
                  163
                  238
                  340
                  462
                  619
                  814
                  910
                 1131
                 1213
                 1458
                 1486
                 1632
                 1660
                 1738
                 1641
                 1558
                 1374
                 1289
                 1050
                  935
                  728
                  619
                  487
                  342
                  244
                  175
                  140
                   83
                   62
                   34
                   15
                   17
                   11
                    3
                    4
                    0
                    0
                    0
                    0
                    0
                    0
                    0
                    0
                    0
                    0
                    0
                    0
                    0
                    0
                    0
                    0
                    0
                    0
                    0
                    0
                    0
                    0
                    0
                    0
                    0
                    0
                    0
                    0
                    0
                    0
                    0
                    0
