                    0
                    0
                    0
                    0
                    0
                    0
                    0
                    0
                    0
                    5
                   11
                   21
                   48
                   97
                  158
                  326
                  490
                  680
                 1030
                 1367
                 1652
                 2012
                 2262
                 2286
                 2289
                 2204
                 1973
                 1683
                 1361
                 1040
                  714
                  539
                  314
                  203
                  109
                   65
                   29
                   16
                    9
                    5
                    2
                    0
                    0
                    0
                    0
                    0
                    0
                    0
                    0
                    0
                    0
                    0
                    0
                    0
                    0
                    0
                    0
                    0
                    0
                    0
                    0
                    0
                    0
                    0
                    0
                    0
                    0
                    0
                    0
                    0
                    0
                    0
                    0
                    0
                    0
                    0
                    0
                    0
                    0
                    0
                    0
                    0
                    0
                    0
                    0
                    0
                    0
                    0
                    0
                    0
                    0
                    0
                    0
                    0
                    0
                    0
                    0
                    0
                    0
                    0
