                    0
                    0
                    0
                    0
                    0
                    0
                    0
                    0
                    0
                    0
                    0
                    0
                    0
                    0
                    0
                    0
                    0
                    0
                    0
                    0
                    0
                    0
                    1
                    2
                    5
                    6
                   10
                   27
                   24
                   69
                   73
                  144
                  210
                  265
                  419
                  548
                  700
                  879
                 1031
                 1280
                 1408
                 1588
                 1661
                 1722
                 1742
                 1670
                 1586
                 1504
                 1283
                 1105
                  925
                  820
                  609
                  497
                  363
                  276
                  201
                  126
                   77
                   62
                   35
                   20
                   13
                    6
                    2
                    2
                    3
                    0
                    1
                    0
                    0
                    0
                    0
                    0
                    0
                    0
                    0
                    0
                    0
                    0
                    0
                    0
                    0
                    0
                    0
                    0
                    0
                    0
                    0
                    0
                    0
                    0
                    0
                    0
                    0
                    0
                    0
                    0
                    0
                    0
