                    0
                    0
                    0
                    0
                    0
                    0
                    0
                    0
                    0
                    0
                    4
                    4
                   26
                   65
                  108
                  188
                  342
                  521
                  772
                 1062
                 1380
                 1659
                 1967
                 2215
                 2238
                 2299
                 2100
                 1900
                 1682
                 1280
                 1055
                  754
                  529
                  351
                  224
                  118
                   89
                   30
                   27
                    7
                    2
                    1
                    1
                    0
                    0
                    0
                    0
                    0
                    0
                    0
                    0
                    0
                    0
                    0
                    0
                    0
                    0
                    0
                    0
                    0
                    0
                    0
                    0
                    0
                    0
                    0
                    0
                    0
                    0
                    0
                    0
                    0
                    0
                    0
                    0
                    0
                    0
                    0
                    0
                    0
                    0
                    0
                    0
                    0
                    0
                    0
                    0
                    0
                    0
                    0
                    0
                    0
                    0
                    0
                    0
                    0
                    0
                    0
                    0
                    0
