                    0
                    0
                    0
                    0
                    0
                    0
                    0
                    0
                    0
                    0
                    0
                    0
                    0
                    0
                    0
                    0
                    0
                    0
                    0
                    0
                    2
                    0
                    2
                    6
                    2
                   11
                   23
                   26
                   52
                   92
                  153
                  196
                  297
                  382
                  614
                  661
                  898
                 1024
                 1233
                 1421
                 1592
                 1713
                 1774
                 1722
                 1659
                 1642
                 1503
                 1290
                 1130
                  940
                  748
                  635
                  461
                  341
                  253
                  192
                  107
                   61
                   66
                   24
                   22
                    9
                   10
                    7
                    4
                    0
                    0
                    0
                    0
                    0
                    0
                    0
                    0
                    0
                    0
                    0
                    0
                    0
                    0
                    0
                    0
                    0
                    0
                    0
                    0
                    0
                    0
                    0
                    0
                    0
                    0
                    0
                    0
                    0
                    0
                    0
                    0
                    0
                    0
                    0
