                    0
                    0
                    0
                    0
                    0
                    0
                    0
                    0
                    0
                    0
                    0
                    0
                    0
                    0
                    0
                    2
                    0
                    0
                    2
                    4
                   10
                   16
                   25
                   38
                   75
                  117
                  166
                  275
                  428
                  554
                  756
                  944
                 1178
                 1370
                 1541
                 1693
                 1794
                 1874
                 1892
                 1717
                 1653
                 1497
                 1215
                 1009
                  863
                  678
                  530
                  349
                  250
                  181
                  107
                   76
                   49
                   34
                   16
                   11
                    5
                    3
                    2
                    0
                    1
                    0
                    0
                    0
                    0
                    0
                    0
                    0
                    0
                    0
                    0
                    0
                    0
                    0
                    0
                    0
                    0
                    0
                    0
                    0
                    0
                    0
                    0
                    0
                    0
                    0
                    0
                    0
                    0
                    0
                    0
                    0
                    0
                    0
                    0
                    0
                    0
                    0
                    0
                    0
