                    0
                    0
                    0
                    0
                    0
                    0
                    0
                    0
                    0
                    0
                    5
                    7
                   17
                   40
                   76
                  155
                  293
                  442
                  616
                  876
                 1214
                 1598
                 1803
                 2054
                 2297
                 2218
                 2175
                 2008
                 1787
                 1414
                 1201
                  930
                  644
                  442
                  285
                  197
                   93
                   59
                   27
                   10
                   13
                    0
                    3
                    0
                    0
                    0
                    1
                    0
                    0
                    0
                    0
                    0
                    0
                    0
                    0
                    0
                    0
                    0
                    0
                    0
                    0
                    0
                    0
                    0
                    0
                    0
                    0
                    0
                    0
                    0
                    0
                    0
                    0
                    0
                    0
                    0
                    0
                    0
                    0
                    0
                    0
                    0
                    0
                    0
                    0
                    0
                    0
                    0
                    0
                    0
                    0
                    0
                    0
                    0
                    0
                    0
                    0
                    0
                    0
                    0
