                    0
                    0
                    0
                    0
                    0
                    0
                    0
                    1
                    1
                    5
                   16
                   39
                   82
                  132
                  256
                  418
                  654
                  938
                 1309
                 1658
                 1992
                 2225
                 2402
                 2352
                 2283
                 1935
                 1747
                 1388
                 1017
                  787
                  530
                  361
                  209
                  123
                   77
                   30
                   18
                    5
                    5
                    4
                    0
                    0
                    1
                    0
                    0
                    0
                    0
                    0
                    0
                    0
                    0
                    0
                    0
                    0
                    0
                    0
                    0
                    0
                    0
                    0
                    0
                    0
                    0
                    0
                    0
                    0
                    0
                    0
                    0
                    0
                    0
                    0
                    0
                    0
                    0
                    0
                    0
                    0
                    0
                    0
                    0
                    0
                    0
                    0
                    0
                    0
                    0
                    0
                    0
                    0
                    0
                    0
                    0
                    0
                    0
                    0
                    0
                    0
                    0
                    0
