                    0
                    0
                    0
                    0
                    0
                    0
                    0
                    0
                    0
                    0
                    0
                    0
                    0
                    0
                    0
                    0
                    0
                    0
                    0
                    0
                    1
                    0
                    0
                    0
                    1
                    0
                    5
                    5
                    5
                   18
                   20
                   38
                   35
                   56
                   98
                  135
                  179
                  196
                  239
                  274
                  288
                  335
                  329
                  361
                  360
                  325
                  302
                  268
                  272
                  214
                  176
                  109
                   95
                   72
                   44
                   43
                   37
                   25
                   13
                   12
                    6
                    4
                    0
                    2
                    1
                    1
                    0
                    1
                    0
                    0
                    0
                    0
                    0
                    0
                    0
                    0
                    0
                    0
                    0
                    0
                    0
                    0
                    0
                    0
                    0
                    0
                    0
                    0
                    0
                    0
                    0
                    0
                    0
                    0
                    0
                    0
                    0
                    0
                    0
                    0
