                    0
                    0
                    0
                    0
                    0
                    0
                    0
                    0
                    0
                    0
                    0
                    1
                    0
                    0
                    0
                    0
                    2
                    5
                    9
                   25
                   51
                   71
                  137
                  193
                  283
                  466
                  611
                  821
                 1041
                 1326
                 1540
                 1698
                 1844
                 1902
                 1961
                 1988
                 1777
                 1595
                 1316
                 1164
                  900
                  693
                  507
                  370
                  270
                  175
                  108
                   66
                   38
                   16
                   13
                    7
                    7
                    3
                    0
                    0
                    0
                    0
                    0
                    0
                    0
                    0
                    0
                    0
                    0
                    0
                    0
                    0
                    0
                    0
                    0
                    0
                    0
                    0
                    0
                    0
                    0
                    0
                    0
                    0
                    0
                    0
                    0
                    0
                    0
                    0
                    0
                    0
                    0
                    0
                    0
                    0
                    0
                    0
                    0
                    0
                    0
                    0
                    0
                    0
