                    0
                    0
                    0
                    0
                    0
                    0
                    2
                    8
                   16
                   29
                   47
                  109
                  254
                  422
                  725
                  973
                 1370
                 1724
                 2150
                 2385
                 2545
                 2490
                 2259
                 1933
                 1624
                 1343
                 1008
                  648
                  406
                  217
                  156
                   68
                   46
                   27
                   10
                    4
                    1
                    1
                    0
                    0
                    0
                    0
                    0
                    0
                    0
                    0
                    0
                    0
                    0
                    0
                    0
                    0
                    0
                    0
                    0
                    0
                    0
                    0
                    0
                    0
                    0
                    0
                    0
                    0
                    0
                    0
                    0
                    0
                    0
                    0
                    0
                    0
                    0
                    0
                    0
                    0
                    0
                    0
                    0
                    0
                    0
                    0
                    0
                    0
                    0
                    0
                    0
                    0
                    0
                    0
                    0
                    0
                    0
                    0
                    0
                    0
                    0
                    0
                    0
                    0
