                    0
                    0
                    0
                    0
                    0
                    0
                    0
                    0
                    0
                    0
                    0
                    0
                    0
                    0
                    0
                    0
                    0
                    0
                    3
                    2
                   12
                   21
                   33
                   56
                  100
                  151
                  254
                  383
                  507
                  711
                  896
                 1192
                 1332
                 1514
                 1779
                 1774
                 1896
                 1753
                 1815
                 1692
                 1494
                 1297
                 1075
                  902
                  722
                  498
                  417
                  227
                  198
                  114
                   71
                   48
                   23
                   17
                    8
                    7
                    2
                    3
                    0
                    0
                    1
                    0
                    0
                    0
                    0
                    0
                    0
                    0
                    0
                    0
                    0
                    0
                    0
                    0
                    0
                    0
                    0
                    0
                    0
                    0
                    0
                    0
                    0
                    0
                    0
                    0
                    0
                    0
                    0
                    0
                    0
                    0
                    0
                    0
                    0
                    0
                    0
                    0
                    0
                    0
