                    0
                    0
                    0
                    0
                    0
                    0
                    0
                    0
                    0
                    0
                    0
                    1
                    0
                    1
                    1
                    1
                    5
                   20
                   30
                   73
                  112
                  170
                  275
                  409
                  582
                  790
                 1010
                 1294
                 1480
                 1707
                 1980
                 1997
                 2011
                 1942
                 1804
                 1639
                 1418
                 1125
                  886
                  694
                  534
                  374
                  241
                  158
                  112
                   50
                   33
                   26
                    7
                    4
                    2
                    1
                    1
                    0
                    0
                    0
                    0
                    0
                    0
                    0
                    0
                    0
                    0
                    0
                    0
                    0
                    0
                    0
                    0
                    0
                    0
                    0
                    0
                    0
                    0
                    0
                    0
                    0
                    0
                    0
                    0
                    0
                    0
                    0
                    0
                    0
                    0
                    0
                    0
                    0
                    0
                    0
                    0
                    0
                    0
                    0
                    0
                    0
                    0
                    0
