                    0
                    0
                    0
                    0
                    0
                    0
                    0
                    0
                    0
                    0
                    0
                    1
                    1
                    4
                   13
                   31
                   56
                   91
                  157
                  306
                  490
                  590
                  914
                 1161
                 1511
                 1704
                 1913
                 2095
                 2183
                 2157
                 2003
                 1678
                 1488
                 1230
                  946
                  767
                  530
                  358
                  268
                  150
                   76
                   61
                   42
                   14
                    5
                    4
                    0
                    0
                    2
                    0
                    0
                    0
                    0
                    0
                    0
                    0
                    0
                    0
                    0
                    0
                    0
                    0
                    0
                    0
                    0
                    0
                    0
                    0
                    0
                    0
                    0
                    0
                    0
                    0
                    0
                    0
                    0
                    0
                    0
                    0
                    0
                    0
                    0
                    0
                    0
                    0
                    0
                    0
                    0
                    0
                    0
                    0
                    0
                    0
                    0
                    0
                    0
                    0
                    0
                    0
