                    0
                    0
                    0
                    0
                    0
                    0
                    0
                    0
                    0
                    0
                    0
                    0
                    0
                    0
                    1
                    1
                    0
                    3
                    7
                   12
                   28
                   49
                   78
                  180
                  231
                  340
                  499
                  688
                  868
                 1095
                 1306
                 1554
                 1712
                 1802
                 1904
                 1916
                 1862
                 1709
                 1599
                 1361
                 1104
                  841
                  651
                  499
                  397
                  273
                  182
                  103
                   62
                   37
                   21
                    9
                    7
                    4
                    4
                    1
                    0
                    0
                    0
                    0
                    0
                    0
                    0
                    0
                    0
                    0
                    0
                    0
                    0
                    0
                    0
                    0
                    0
                    0
                    0
                    0
                    0
                    0
                    0
                    0
                    0
                    0
                    0
                    0
                    0
                    0
                    0
                    0
                    0
                    0
                    0
                    0
                    0
                    0
                    0
                    0
                    0
                    0
                    0
                    0
