                    0
                    0
                    0
                    0
                    0
                    0
                    0
                    0
                    0
                    0
                    0
                    0
                    0
                    0
                    0
                    0
                    0
                    0
                    0
                    0
                    1
                    0
                    2
                    6
                   11
                   18
                   31
                   85
                  112
                  188
                  243
                  368
                  493
                  614
                  856
                  965
                 1208
                 1381
                 1555
                 1706
                 1756
                 1834
                 1709
                 1648
                 1571
                 1418
                 1213
                 1008
                  790
                  602
                  443
                  386
                  255
                  170
                  120
                   93
                   55
                   32
                   26
                   13
                   12
                    0
                    2
                    1
                    0
                    0
                    0
                    0
                    0
                    0
                    0
                    0
                    0
                    0
                    0
                    0
                    0
                    0
                    0
                    0
                    0
                    0
                    0
                    0
                    0
                    0
                    0
                    0
                    0
                    0
                    0
                    0
                    0
                    0
                    0
                    0
                    0
                    0
                    0
                    0
