                    0
                    0
                    0
                    0
                    0
                    0
                    0
                    0
                    0
                    0
                    0
                    3
                    1
                    6
                    6
                   15
                   34
                   49
                  100
                  154
                  267
                  444
                  610
                  790
                 1108
                 1375
                 1577
                 1993
                 1979
                 2087
                 2081
                 1888
                 1801
                 1590
                 1312
                 1109
                  824
                  592
                  458
                  277
                  198
                  109
                   71
                   44
                   23
                   14
                    4
                    5
                    2
                    0
                    0
                    0
                    0
                    0
                    0
                    0
                    0
                    0
                    0
                    0
                    0
                    0
                    0
                    0
                    0
                    0
                    0
                    0
                    0
                    0
                    0
                    0
                    0
                    0
                    0
                    0
                    0
                    0
                    0
                    0
                    0
                    0
                    0
                    0
                    0
                    0
                    0
                    0
                    0
                    0
                    0
                    0
                    0
                    0
                    0
                    0
                    0
                    0
                    0
                    0
