                    0
                    0
                    0
                    0
                    0
                    0
                    0
                    0
                    0
                    0
                    5
                    6
                   17
                   34
                   60
                  127
                  237
                  354
                  514
                  785
                 1116
                 1363
                 1745
                 2001
                 2152
                 2298
                 2178
                 2145
                 1887
                 1618
                 1242
                  973
                  747
                  542
                  349
                  186
                  153
                   72
                   46
                   25
                   13
                    4
                    5
                    1
                    0
                    0
                    0
                    0
                    0
                    0
                    0
                    0
                    0
                    0
                    0
                    0
                    0
                    0
                    0
                    0
                    0
                    0
                    0
                    0
                    0
                    0
                    0
                    0
                    0
                    0
                    0
                    0
                    0
                    0
                    0
                    0
                    0
                    0
                    0
                    0
                    0
                    0
                    0
                    0
                    0
                    0
                    0
                    0
                    0
                    0
                    0
                    0
                    0
                    0
                    0
                    0
                    0
                    0
                    0
                    0
