                    0
                    0
                    0
                    0
                    0
                    0
                    2
                    3
                   14
                   28
                   60
                  160
                  321
                  506
                  852
                 1113
                 1561
                 1890
                 2304
                 2488
                 2486
                 2513
                 2141
                 1889
                 1526
                 1092
                  798
                  539
                  317
                  199
                  103
                   55
                   20
                   12
                    5
                    1
                    2
                    0
                    0
                    0
                    0
                    0
                    0
                    0
                    0
                    0
                    0
                    0
                    0
                    0
                    0
                    0
                    0
                    0
                    0
                    0
                    0
                    0
                    0
                    0
                    0
                    0
                    0
                    0
                    0
                    0
                    0
                    0
                    0
                    0
                    0
                    0
                    0
                    0
                    0
                    0
                    0
                    0
                    0
                    0
                    0
                    0
                    0
                    0
                    0
                    0
                    0
                    0
                    0
                    0
                    0
                    0
                    0
                    0
                    0
                    0
                    0
                    0
                    0
                    0
