                    0
                    0
                    0
                    0
                    0
                    0
                    2
                    1
                    6
                   17
                   52
                   90
                  187
                  365
                  566
                  894
                 1270
                 1614
                 1995
                 2301
                 2406
                 2448
                 2364
                 2095
                 1760
                 1425
                 1107
                  753
                  546
                  310
                  194
                  117
                   54
                   33
                   15
                    6
                    5
                    2
                    0
                    0
                    0
                    0
                    0
                    0
                    0
                    0
                    0
                    0
                    0
                    0
                    0
                    0
                    0
                    0
                    0
                    0
                    0
                    0
                    0
                    0
                    0
                    0
                    0
                    0
                    0
                    0
                    0
                    0
                    0
                    0
                    0
                    0
                    0
                    0
                    0
                    0
                    0
                    0
                    0
                    0
                    0
                    0
                    0
                    0
                    0
                    0
                    0
                    0
                    0
                    0
                    0
                    0
                    0
                    0
                    0
                    0
                    0
                    0
                    0
                    0
