   0.0000000000000000     
   1.6527343765320316E-004
   7.4453554284284842E-004
   3.1810689869422367E-003
   6.1923152039213124E-003
   1.0587915291158526E-002
   1.7758269203208572E-002
   2.6378526681727823E-002
   3.3899896304168495E-002
   5.0901541122756008E-002
   6.2229887317031378E-002
   8.0990231173985336E-002
   9.5909797566682123E-002
  0.11904245520648407     
  0.14034209759570143     
  0.16285363896541261     
  0.19087466598550085     
  0.22002012807133073     
  0.25019515928144453     
  0.27947586204788311     
  0.31334088260916981     
  0.35143920626672337     
  0.38891381300136701     
  0.42020999223931205     
  0.44391103681425165     
  0.49455754224714166     
  0.53637842795672053     
  0.56490243428730258     
  0.61704337928665665     
  0.64397548096071244     
  0.68362326774229687     
  0.72088339967558668     
  0.76065372317708813     
  0.80310702048741889     
  0.81128529291685580     
  0.86193448339329748     
  0.91060564674174205     
  0.94863776617053575     
  0.96986154943983260     
  0.97747600437649307     
   1.0164678807401817     
   1.0616883898822618     
   1.0667069064969745     
   1.0973488409239609     
   1.1555070174783093     
   1.1665190618677677     
   1.1979673027825857     
   1.2181435103259721     
   1.2455869919768210     
   1.2718041205906419     
   1.2847057410237703     
   1.2722264189327455     
   1.3088789006917769     
   1.3300010812122145     
   1.3551691118768221     
   1.3740416814086944     
   1.3984463125974078     
   1.3969367437119817     
   1.4036219974467159     
   1.3990694155846983     
   1.4032720391102793     
   1.4150410554440438     
   1.4215386553656417     
   1.4344453877255301     
   1.4279393937214806     
   1.4750940640642727     
   1.4780527125471969     
   1.4564304385349378     
   1.4628209501863265     
   1.4900013876667506     
   1.4553624704770414     
   1.4329397169259059     
   1.4683098102623533     
   1.4582949426740623     
   1.4666502290321826     
   1.4724076133666064     
   1.4799825037859793     
   1.4485814445467453     
   1.4646150475098458     
   1.4530136797649225     
   1.4096989277023830     
   1.4249831146806657     
   1.4325052054205403     
   1.4362529723998521     
   1.4176292325160780     
   1.4025328041531675     
   1.4085767183829416     
   1.3891299702247273     
   1.4050622946098346     
   1.3916857793832020     
   1.3335105416290014     
   1.3980563935653973     
   1.3308969962302433     
   1.3865411149093350     
   1.3329088821640203     
   1.3637720596176386     
   1.2832674193634936     
   1.3472641066777129     
   1.3279789669723727     
   1.3184989483469045     
   1.3284177500665943     
   1.3259266595001800     
   1.3026944912217395     
   1.3083907874119056     
   1.3138187254679901     
   1.2654120386508725     
   1.2808960431955729     
   1.2926858620152455     
   1.2615788029952992     
   1.2524833658473691     
   1.2567028399451872     
   1.2799699458160108     
   1.2429655100528603     
   1.2284540796565628     
   1.2277976986280228     
   1.2323370107880101     
   1.2432976689388693     
   1.2616873422254684     
   1.2189278383958233     
   1.2560692095607411     
   1.2405975036204311     
   1.2760460858736424     
   1.2457462979607967     
   1.2408412865990164     
   1.2389980789636112     
   1.2674706945489149     
   1.2720076905161040     
   1.2520620038467336     
   1.2632938122671422     
   1.2826164637865003     
   1.2745384931180606     
   1.2731878605539906     
   1.2843327766602624     
   1.2834135245180991     
   1.2756377933026726     
   1.2737736470489709     
   1.3052562444357636     
   1.2683390629889886     
   1.3103698381946376     
   1.2779772019575464     
   1.2682376063173650     
   1.3027648507125447     
   1.3133918383146854     
   1.2613381203278564     
   1.2914077056103663     
   1.2752809667738807     
   1.3130998659064632     
   1.2888705262323619     
   1.2861669586140678     
   1.2974441822136085     
   1.3017773795852099     
   1.2854386947487164     
   1.2781091860585658     
   1.2868189610548684     
   1.2783356228576532     
   1.2878370522558202     
   1.2736445520819615     
   1.2917125924789230     
   1.2772231053183847     
   1.2721114312068782     
   1.3152535414498197     
   1.3264912314578390     
   1.3057043646524389     
   1.3014310253332786     
   1.2823209529937929     
   1.2681924999745269     
   1.2631633459150953     
   1.2647305340437789     
   1.2594068794844724     
   1.2742564508737739     
   1.3144629349551533     
   1.2880876999880182     
   1.2860407380751284     
   1.3044335691313016     
   1.3049589448030972     
   1.2823537499288205     
   1.2838866441010968     
   1.2936826869661415     
   1.2740626153686772     
   1.2893111889463873     
   1.2696191819365250     
   1.2549950242652359     
   1.2936339208219565     
   1.2905472699081850     
   1.2877885362235075     
   1.2655419154476857     
   1.2958369352514418     
   1.2482590151784037     
   1.3178069309291334     
   1.2767988107813144     
   1.3034528284739662     
   1.3069029850642591     
   1.2578430450104716     
   1.3197216484488954     
   1.2824825419233044     
   1.2771864480520998     
   1.2703898925190016     
   1.2528734562427077     
   1.2943527853508430     
   1.2811211967787901     
