                    0
                    0
                    0
                    0
                    0
                    0
                    1
                    0
                    1
                    6
                   13
                   33
                   84
                  155
                  265
                  421
                  685
                  943
                 1382
                 1624
                 1954
                 2235
                 2303
                 2367
                 2349
                 1978
                 1730
                 1410
                 1040
                  751
                  517
                  285
                  201
                  121
                   66
                   42
                   21
                    8
                    7
                    2
                    0
                    0
                    0
                    0
                    0
                    0
                    0
                    0
                    0
                    0
                    0
                    0
                    0
                    0
                    0
                    0
                    0
                    0
                    0
                    0
                    0
                    0
                    0
                    0
                    0
                    0
                    0
                    0
                    0
                    0
                    0
                    0
                    0
                    0
                    0
                    0
                    0
                    0
                    0
                    0
                    0
                    0
                    0
                    0
                    0
                    0
                    0
                    0
                    0
                    0
                    0
                    0
                    0
                    0
                    0
                    0
                    0
                    0
                    0
                    0
