                    0
                    0
                    0
                    0
                    0
                    1
                    5
                   27
                   42
                  111
                  232
                  411
                  693
                 1056
                 1537
                 1885
                 2263
                 2584
                 2719
                 2554
                 2301
                 1959
                 1534
                 1171
                  814
                  501
                  279
                  169
                   87
                   37
                   17
                    6
                    2
                    3
                    0
                    0
                    0
                    0
                    0
                    0
                    0
                    0
                    0
                    0
                    0
                    0
                    0
                    0
                    0
                    0
                    0
                    0
                    0
                    0
                    0
                    0
                    0
                    0
                    0
                    0
                    0
                    0
                    0
                    0
                    0
                    0
                    0
                    0
                    0
                    0
                    0
                    0
                    0
                    0
                    0
                    0
                    0
                    0
                    0
                    0
                    0
                    0
                    0
                    0
                    0
                    0
                    0
                    0
                    0
                    0
                    0
                    0
                    0
                    0
                    0
                    0
                    0
                    0
                    0
                    0
