                    0
                    0
                    0
                    0
                    0
                    0
                    0
                    0
                    0
                    0
                    0
                    0
                    0
                    0
                    1
                    1
                    0
                    3
                    2
                    5
                    5
                   21
                   52
                   62
                  109
                  162
                  239
                  403
                  521
                  684
                  924
                 1153
                 1342
                 1498
                 1766
                 1839
                 1988
                 1868
                 1761
                 1654
                 1480
                 1260
                 1070
                  861
                  667
                  504
                  369
                  234
                  176
                  114
                   80
                   45
                   38
                   20
                    5
                    2
                    5
                    3
                    2
                    2
                    0
                    0
                    0
                    0
                    0
                    0
                    0
                    0
                    0
                    0
                    0
                    0
                    0
                    0
                    0
                    0
                    0
                    0
                    0
                    0
                    0
                    0
                    0
                    0
                    0
                    0
                    0
                    0
                    0
                    0
                    0
                    0
                    0
                    0
                    0
                    0
                    0
                    0
                    0
                    0
