                    0
                    0
                    0
                    0
                    0
                    0
                    0
                    0
                    0
                    0
                    0
                    0
                    0
                    1
                    1
                    3
                    8
                   16
                   33
                   54
                  104
                  181
                  227
                  411
                  583
                  762
                 1032
                 1259
                 1610
                 1734
                 1942
                 1944
                 2027
                 1923
                 1813
                 1633
                 1366
                 1159
                  897
                  719
                  521
                  361
                  259
                  174
                  102
                   54
                   45
                   19
                    6
                    6
                    9
                    1
                    1
                    0
                    0
                    0
                    0
                    0
                    0
                    0
                    0
                    0
                    0
                    0
                    0
                    0
                    0
                    0
                    0
                    0
                    0
                    0
                    0
                    0
                    0
                    0
                    0
                    0
                    0
                    0
                    0
                    0
                    0
                    0
                    0
                    0
                    0
                    0
                    0
                    0
                    0
                    0
                    0
                    0
                    0
                    0
                    0
                    0
                    0
                    0
