                    0
                    0
                    0
                    2
                    2
                    7
                   43
                   79
                  224
                  386
                  686
                 1112
                 1637
                 2172
                 2534
                 2836
                 2859
                 2618
                 2324
                 1789
                 1378
                  943
                  649
                  344
                  201
                   95
                   49
                   22
                    8
                    1
                    0
                    0
                    0
                    0
                    0
                    0
                    0
                    0
                    0
                    0
                    0
                    0
                    0
                    0
                    0
                    0
                    0
                    0
                    0
                    0
                    0
                    0
                    0
                    0
                    0
                    0
                    0
                    0
                    0
                    0
                    0
                    0
                    0
                    0
                    0
                    0
                    0
                    0
                    0
                    0
                    0
                    0
                    0
                    0
                    0
                    0
                    0
                    0
                    0
                    0
                    0
                    0
                    0
                    0
                    0
                    0
                    0
                    0
                    0
                    0
                    0
                    0
                    0
                    0
                    0
                    0
                    0
                    0
                    0
                    0
