                    8
                  184
                 1765
                14542
                32948
                30762
                14807
                 4180
                  715
                   82
                    6
                    1
                    0
                    0
                    0
                    0
                    0
                    0
                    0
                    0
                    0
                    0
                    0
                    0
                    0
                    0
                    0
                    0
                    0
                    0
                    0
                    0
                    0
                    0
                    0
                    0
                    0
                    0
                    0
                    0
                    0
                    0
                    0
                    0
                    0
                    0
                    0
                    0
                    0
                    0
                    0
                    0
                    0
                    0
                    0
                    0
                    0
                    0
                    0
                    0
                    0
                    0
                    0
                    0
                    0
                    0
                    0
                    0
                    0
                    0
                    0
                    0
                    0
                    0
                    0
                    0
                    0
                    0
                    0
                    0
                    0
                    0
                    0
                    0
                    0
                    0
                    0
                    0
                    0
                    0
                    0
                    0
                    0
                    0
                    0
                    0
                    0
                    0
                    0
                    0
